0.0,0.0,1.0,0.0,1.0,0.0,-1.0,0.0,0.0,0.0,0.0,0.5,0
-2.9550789969293637e-05,0.0,0.9999999995633754,0.0,1.0,0.0,-0.9999999995633754,0.0,-2.9550789969293637e-05,1.881261718627194e-05,0.0,0.4999948265302738,0
-0.00011800533006419367,0.0,0.999999993037371,0.0,1.0,0.0,-0.999999993037371,0.0,-0.00011800533006419367,7.512452653798302e-05,0.0,0.49997934075520206,0
-0.00026506687365500896,0.0,0.9999999648697756,0.0,1.0,0.0,-0.9999999648697756,0.0,-0.00026506687365500896,0.0001687468147444761,0.0,0.4999535946259453,0
-0.00047043866754947804,0.0,0.999999889343724,0.0,1.0,0.0,-0.999999889343724,0.0,-0.00047043866754947804,0.00029949056849509407,0.0,0.49991764009366385,0
-0.0007338239445717289,0.0,0.999999730751173,0.0,1.0,0.0,-0.999999730751173,0.0,-0.0007338239445717289,0.00046716687447917975,0.0,0.4998715291095182,0
-0.0010549259133497493,0.0,0.9999994435655039,0.0,1.0,0.0,-0.9999994435655039,0.0,-0.0010549259133497493,0.0006715868193860761,0.0,0.49981531362466886,0
-0.0014334477454155093,0.0,0.9999989726132528,0.0,1.0,0.0,-0.9999989726132528,0.0,-0.0014334477454155093,0.000912561489905126,0.0,0.49974904559027605,0
-0.001869092559720454,0.0,0.999998253244976,0.0,1.0,0.0,-0.999998253244976,0.0,-0.001869092559720454,0.0011899019727256723,0.0,0.4996727769575004,0
-0.002361563404667668,0.0,0.999997211505255,0.0,1.0,0.0,-0.999997211505255,0.0,-0.002361563404667668,0.0015034193545370577,0.0,0.4995865596775023,0
-0.002910563237760615,0.0,0.9999957643018489,0.0,1.0,0.0,-0.9999957643018489,0.0,-0.002910563237760615,0.0018529247220286252,0.0,0.49949044570144213,0
-0.0035157949029669413,0.0,0.9999938195740014,0.0,1.0,0.0,-0.9999938195740014,0.0,-0.0035157949029669413,0.0022382291618897178,0.0,0.4993844869804803,0
-0.004176961105894474,0.0,0.9999912764599098,0.0,1.0,0.0,-0.9999912764599098,0.0,-0.004176961105894474,0.0026591437608096784,0.0,0.4992687354657773,0
-0.004893764386875151,0.0,0.9999880254633681,0.0,1.0,0.0,-0.9999880254633681,0.0,-0.004893764386875151,0.0031154796054778497,0.0,0.49914324310849356,0
-0.005665907092051278,0.0,0.9999839486195887,0.0,1.0,0.0,-0.9999839486195887,0.0,-0.005665907092051278,0.0036070477825835747,0.0,0.4990080618597895,0
-0.006493091342557119,0.0,0.9999789196602182,0.0,1.0,0.0,-0.9999789196602182,0.0,-0.006493091342557119,0.004133659378816196,0.0,0.4988632436708256,0
-0.007375019001887556,0.0,0.9999728041775545,0.0,1.0,0.0,-0.9999728041775545,0.0,-0.007375019001887556,0.0046951254808650575,0.0,0.4987088404927621,0
-0.00831139164154414,0.0,0.9999654597879774,0.0,1.0,0.0,-0.9999654597879774,0.0,-0.00831139164154414,0.0052912571754195,0.0,0.4985449042767597,0
-0.009301910505047643,0.0,0.9999567362946039,0.0,1.0,0.0,-0.9999567362946039,0.0,-0.009301910505047643,0.0059218655491688685,0.0,0.4983714869739786,0
-0.010346276470404777,0.0,0.9999464758491816,0.0,1.0,0.0,-0.9999464758491816,0.0,-0.010346276470404777,0.006586761688802504,0.0,0.4981886405355793,0
-0.011444190011115657,0.0,0.9999345131132286,0.0,1.0,0.0,-0.9999345131132286,0.0,-0.011444190011115657,0.007285756681009751,0.0,0.49799641691272234,0
-0.01259535115580705,0.0,0.9999206754184363,0.0,1.0,0.0,-0.9999206754184363,0.0,-0.01259535115580705,0.008018661612479952,0.0,0.497794868056568,0
-0.013799459446575457,0.0,0.9999047829263455,0.0,1.0,0.0,-0.9999047829263455,0.0,-0.013799459446575457,0.008785287569902451,0.0,0.4975840459182768,0
-0.015056213896122566,0.0,0.9998866487873084,0.0,1.0,0.0,-0.9998866487873084,0.0,-0.015056213896122566,0.009585445639966586,0.0,0.4973640024490092,0
-0.016365312943764577,0.0,0.9998660792987493,0.0,1.0,0.0,-0.9998660792987493,0.0,-0.016365312943764577,0.010418946909361708,0.0,0.4971347895999255,0
-0.01772645441039551,0.0,0.999842874062738,0.0,1.0,0.0,-0.999842874062738,0.0,-0.01772645441039551,0.011285602464777151,0.0,0.4968964593221863,0
-0.019139335452483516,0.0,0.9998168261428877,0.0,1.0,0.0,-0.9998168261428877,0.0,-0.019139335452483516,0.012185223392902265,0.0,0.4966490635669519,0
-0.020603652515177845,0.0,0.9997877222205891,0.0,1.0,0.0,-0.9997877222205891,0.0,-0.020603652515177845,0.013117620780426388,0.0,0.4963926542853827,0
-0.02211910128460313,0.0,0.9997553427505959,0.0,1.0,0.0,-0.9997553427505959,0.0,-0.02211910128460313,0.014082605714038868,0.0,0.4961272834286393,0
-0.023685376639416222,0.0,0.9997194621159723,0.0,1.0,0.0,-0.9997194621159723,0.0,-0.023685376639416222,0.015079989280429041,0.0,0.495853002947882,0
-0.02530217260169988,0.0,0.9996798487824158,0.0,1.0,0.0,-0.9996798487824158,0.0,-0.02530217260169988,0.016109582566286255,0.0,0.4955698647942713,0
-0.02696918228726616,0.0,0.9996362654519674,0.0,1.0,0.0,-0.9996362654519674,0.0,-0.02696918228726616,0.017171196658299852,0.0,0.49527792091896755,0
-0.028686097855441534,0.0,0.999588469216121,0.0,1.0,0.0,-0.999588469216121,0.0,-0.028686097855441534,0.018264642643159176,0.0,0.4949772232731312,0
-0.030452610458404264,0.0,0.9995362117083446,0.0,1.0,0.0,-0.9995362117083446,0.0,-0.030452610458404264,0.019389731607553563,0.0,0.4946678238079228,0
-0.03226841019014375,0.0,0.9994792392560241,0.0,1.0,0.0,-0.9994792392560241,0.0,-0.03226841019014375,0.020546274638172365,0.0,0.49434977447450257,0
-0.034133186035110105,0.0,0.9994172930318409,0.0,1.0,0.0,-0.9994172930318409,0.0,-0.034133186035110105,0.02173408282170492,0.0,0.49402312722403113,0
-0.0360466258166214,0.0,0.9993501092045952,0.0,1.0,0.0,-0.9993501092045952,0.0,-0.0360466258166214,0.022952967244840576,0.0,0.49368793400766886,0
-0.038008416145094724,0.0,0.9992774190894845,0.0,1.0,0.0,-0.9992774190894845,0.0,-0.038008416145094724,0.02420273899426867,0.0,0.49334424677657607,0
-0.04001824236616611,0.0,0.9991989492978477,0.0,1.0,0.0,-0.9991989492978477,0.0,-0.04001824236616611,0.02548320915667854,0.0,0.4929921174819134,0
-0.042075788508763326,0.0,0.9991144218863852,0.0,1.0,0.0,-0.9991144218863852,0.0,-0.042075788508763326,0.026794188818759543,0.0,0.49263159807484114,0
-0.04418073723319447,0.0,0.9990235545058642,0.0,1.0,0.0,-0.9990235545058642,0.0,-0.04418073723319447,0.028135489067201012,0.0,0.49226274050651975,0
-0.04633276977931407,0.0,0.9989260605493167,0.0,1.0,0.0,-0.9989260605493167,0.0,-0.04633276977931407,0.02950692098869229,0.0,0.4918855967281096,0
-0.04853156591482759,0.0,0.9988216492997409,0.0,1.0,0.0,-0.9988216492997409,0.0,-0.04853156591482759,0.030908295669922724,0.0,0.49150021869077126,0
-0.0507768038837938,0.0,0.9987100260773127,0.0,1.0,0.0,-0.9987100260773127,0.0,-0.0507768038837938,0.03233942419758166,0.0,0.4911066583456651,0
-0.05306816035538374,0.0,0.9985908923861139,0.0,1.0,0.0,-0.9985908923861139,0.0,-0.05306816035538374,0.03380011765835843,0.0,0.49070496764395144,0
-0.05540531037295381,0.0,0.9984639460603856,0.0,1.0,0.0,-0.9984639460603856,0.0,-0.05540531037295381,0.03529018713894238,0.0,0.4902951985367908,0
-0.05778792730348946,0.0,0.998328881410313,0.0,1.0,0.0,-0.998328881410313,0.0,-0.05778792730348946,0.036809443726022864,0.0,0.4898774029753437,0
-0.06021568278747471,0.0,0.998185389367345,0.0,1.0,0.0,-0.998185389367345,0.0,-0.06021568278747471,0.038357698506289215,0.0,0.4894516329107705,0
-0.06268824668924235,0.0,0.9980331576290583,0.0,1.0,0.0,-0.9980331576290583,0.0,-0.06268824668924235,0.039934762566430776,0.0,0.4890179402942315,0
-0.06520528704785765,0.0,0.9978718708035649,0.0,1.0,0.0,-0.9978718708035649,0.0,-0.06520528704785765,0.04154044699313689,0.0,0.4885763770768874,0
-0.06776647002858832,0.0,0.9977012105534725,0.0,1.0,0.0,-0.9977012105534725,0.0,-0.06776647002858832,0.0431745628730969,0.0,0.4881269952098984,0
-0.07037145987501169,0.0,0.9975208557393974,0.0,1.0,0.0,-0.9975208557393974,0.0,-0.07037145987501169,0.044836921293000154,0.0,0.4876698466444249,0
-0.07301991886180947,0.0,0.9973304825630342,0.0,1.0,0.0,-0.9973304825630342,0.0,-0.07301991886180947,0.04652733333953598,0.0,0.4872049833316276,0
-0.07571150724829957,0.0,0.9971297647097848,0.0,1.0,0.0,-0.9971297647097848,0.0,-0.07571150724829957,0.04824561009939374,0.0,0.4867324572226667,0
-0.07844588323275264,0.0,0.996918373490946,0.0,1.0,0.0,-0.996918373490946,0.0,-0.07844588323275264,0.04999156265926277,0.0,0.48625232026870274,0
-0.08122270290754098,0.0,0.9966959779854604,0.0,1.0,0.0,-0.9966959779854604,0.0,-0.08122270290754098,0.05176500210583241,0.0,0.4857646244208961,0
-0.08404162021516604,0.0,0.9964622451812261,0.0,1.0,0.0,-0.9964622451812261,0.0,-0.08404162021516604,0.05356573952579201,0.0,0.4852694216304072,0
-0.08690228690520899,0.0,0.9962168401159683,0.0,1.0,0.0,-0.9962168401159683,0.0,-0.08690228690520899,0.0553935860058309,0.0,0.4847667638483965,0
-0.08980435249224948,0.0,0.9959594260176705,0.0,1.0,0.0,-0.9959594260176705,0.0,-0.08980435249224948,0.05724835263263844,0.0,0.48425670302602447,0
-0.09274746421479482,0.0,0.9956896644445624,0.0,1.0,0.0,-0.9956896644445624,0.0,-0.09274746421479482,0.05912985049290396,0.0,0.4837392911144514,0
-0.09573126699526231,0.0,0.9954072154246631,0.0,1.0,0.0,-0.9954072154246631,0.0,-0.09573126699526231,0.06103789067331678,0.0,0.48321458006483786,0
-0.0987554034010555,0.0,0.9951117375948767,0.0,1.0,0.0,-0.9951117375948767,0.0,-0.0987554034010555,0.0629722842605663,0.0,0.48268262182834426,0
-0.10181951360677449,0.0,0.9948028883396348,0.0,1.0,0.0,-0.9948028883396348,0.0,-0.10181951360677449,0.06493284234134182,0.0,0.48214346835613103,0
-0.10492323535759954,0.0,0.9944803239290829,0.0,1.0,0.0,-0.9944803239290829,0.0,-0.10492323535759954,0.06691937600233269,0.0,0.4815971715993585,0
-0.10806620393388597,0.0,0.994143699656805,0.0,1.0,0.0,-0.994143699656805,0.0,-0.10806620393388597,0.06893169633022828,0.0,0.48104378350918725,0
-0.11124805211700708,0.0,0.9937926699770792,0.0,1.0,0.0,-0.9937926699770792,0.0,-0.11124805211700708,0.07096961441171788,0.0,0.48048335603677755,0
-0.11446841015648196,0.0,0.9934268886416592,0.0,1.0,0.0,-0.9934268886416592,0.0,-0.11446841015648196,0.07303294133349088,0.0,0.47991594113329,0
-0.1177269057384222,0.0,0.9930460088360743,0.0,1.0,0.0,-0.9930460088360743,0.0,-0.1177269057384222,0.0751214881822366,0.0,0.4793415907498849,0
-0.12102316395533232,0.0,0.9926496833154387,0.0,1.0,0.0,-0.9926496833154387,0.0,-0.12102316395533232,0.07723506604464439,0.0,0.4787603568377228,0
-0.12435680727729664,0.0,0.9922375645397614,0.0,1.0,0.0,-0.9922375645397614,0.0,-0.12435680727729664,0.07937348600740361,0.0,0.478172291347964,0
-0.1277274555245845,0.0,0.9918093048087496,0.0,1.0,0.0,-0.9918093048087496,0.0,-0.1277274555245845,0.08153655915720356,0.0,0.477577446231769,0
-0.13113472584170513,0.0,0.9913645563960923,0.0,1.0,0.0,-0.9913645563960923,0.0,-0.13113472584170513,0.08372409658073361,0.0,0.47697587344029824,0
-0.1345782326729417,0.0,0.9909029716832156,0.0,1.0,0.0,-0.9909029716832156,0.0,-0.1345782326729417,0.08593590936468311,0.0,0.47636762492471213,0
-0.13805758773939403,0.0,0.990424203292498,0.0,1.0,0.0,-0.990424203292498,0.0,-0.13805758773939403,0.08817180859574138,0.0,0.4757527526361711,0
-0.14157240001755744,0.0,0.9899279042199329,0.0,1.0,0.0,-0.9899279042199329,0.0,-0.14157240001755744,0.09043160536059781,0.0,0.4751313085258356,0
-0.14512227571946487,0.0,0.9894137279672258,0.0,1.0,0.0,-0.9894137279672258,0.0,-0.14512227571946487,0.09271511074594169,0.0,0.4745033445448661,0
-0.14870681827441834,0.0,0.9888813286733141,0.0,1.0,0.0,-0.9888813286733141,0.0,-0.14870681827441834,0.09502213583846235,0.0,0.4738689126444229,0
-0.1523256283123344,0.0,0.9883303612452936,0.0,1.0,0.0,-0.9883303612452936,0.0,-0.1523256283123344,0.09735249172484921,0.0,0.4732280647756665,0
-0.15597830364872725,0.0,0.987760481488739,0.0,1.0,0.0,-0.987760481488739,0.0,-0.15597830364872725,0.09970598949179155,0.0,0.4725808528897573,0
-0.15966443927135293,0.0,0.9871713462374019,0.0,1.0,0.0,-0.9871713462374019,0.0,-0.15966443927135293,0.1020824402259787,0.0,0.4719273289378559,0
-0.16338362732853612,0.0,0.9865626134822716,0.0,1.0,0.0,-0.9865626134822716,0.0,-0.16338362732853612,0.10448165501410009,0.0,0.47126754487112243,0
-0.1671354571191997,0.0,0.9859339424999811,0.0,1.0,0.0,-0.9859339424999811,0.0,-0.1671354571191997,0.10690344494284497,0.0,0.4706015526407176,0
-0.17091951508461817,0.0,0.9852849939805431,0.0,1.0,0.0,-0.9852849939805431,0.0,-0.17091951508461817,0.10934762109890273,0.0,0.46992940419780177,0
-0.17473538480191242,0.0,0.9846154301543967,0.0,1.0,0.0,-0.9846154301543967,0.0,-0.17473538480191242,0.11181399456896272,0.0,0.46925115149353525,0
-0.1785826469793041,0.0,0.9839249149187479,0.0,1.0,0.0,-0.9839249149187479,0.0,-0.1785826469793041,0.11430237643971422,0.0,0.4685668464790786,0
-0.18246087945314624,0.0,0.9832131139631857,0.0,1.0,0.0,-0.9832131139631857,0.0,-0.18246087945314624,0.11681257779784665,0.0,0.4678765411055922,0
-0.1863696571867456,0.0,0.9824796948945534,0.0,1.0,0.0,-0.9824796948945534,0.0,-0.1863696571867456,0.11934440973004934,0.0,0.46718028732423644,0
-0.19030855227099136,0.0,0.9817243273610567,0.0,1.0,0.0,-0.9817243273610567,0.0,-0.19030855227099136,0.12189768332301157,0.0,0.4664781370861718,0
-0.19427713392680387,0.0,0.9809466831755876,0.0,1.0,0.0,-0.9809466831755876,0.0,-0.19427713392680387,0.12447220966342275,0.0,0.46577014234255876,0
-0.1982749685094158,0.0,0.9801464364382447,0.0,1.0,0.0,-0.9801464364382447,0.0,-0.1982749685094158,0.1270677998379722,0.0,0.4650563550445576,0
-0.20230161951449696,0.0,0.9793232636580281,0.0,1.0,0.0,-0.9793232636580281,0.0,-0.20230161951449696,0.12968426493334922,0.0,0.46433682714332897,0
-0.20635664758613406,0.0,0.9784768438736873,0.0,1.0,0.0,-0.9784768438736873,0.0,-0.20635664758613406,0.13232141603624326,0.0,0.4636116105900331,0
-0.21043961052667345,0.0,0.9776068587737005,0.0,1.0,0.0,-0.9776068587737005,0.0,-0.21043961052667345,0.13497906423334358,0.0,0.4628807573358305,0
-0.21455006330843665,0.0,0.9767129928153643,0.0,1.0,0.0,-0.9767129928153643,0.0,-0.21455006330843665,0.1376570206113395,0.0,0.46214431933188166,0
-0.21868755808731508,0.0,0.975794933342968,0.0,1.0,0.0,-0.975794933342968,0.0,-0.21868755808731508,0.14035509625692047,0.0,0.46140234852934686,0
-0.22285164421825004,0.0,0.9748523707050327,0.0,1.0,0.0,-0.9748523707050327,0.0,-0.22285164421825004,0.14307310225677572,0.0,0.46065489687938665,0
-0.22704186827260453,0.0,0.9738849983705906,0.0,1.0,0.0,-0.9738849983705906,0.0,-0.22704186827260453,0.14581084969759467,0.0,0.4599020163331614,0
-0.2312577740574292,0.0,0.9728925130444797,0.0,1.0,0.0,-0.9728925130444797,0.0,-0.2312577740574292,0.14856814966606657,0.0,0.4591437588418317,0
-0.2354989026366276,0.0,0.9718746147816313,0.0,1.0,0.0,-0.9718746147816313,0.0,-0.2354989026366276,0.15134481324888088,0.0,0.4583801763565578,0
-0.23976479235402073,0.0,0.970831007100326,0.0,1.0,0.0,-0.970831007100326,0.0,-0.23976479235402073,0.15414065153272688,0.0,0.45761132082850015,0
-0.24405497885831415,0.0,0.9697613970943924,0.0,1.0,0.0,-0.9697613970943924,0.0,-0.24405497885831415,0.15695547560429393,0.0,0.45683724420881916,0
-0.24836899512996574,0.0,0.9686654955443241,0.0,1.0,0.0,-0.9686654955443241,0.0,-0.24836899512996574,0.15978909655027135,0.0,0.4560579984486754,0
-0.25270637150995473,0.0,0.967543017027291,0.0,1.0,0.0,-0.967543017027291,0.0,-0.25270637150995473,0.16264132545734852,0.0,0.45527363549922917,0
-0.25706663573044874,0.0,0.9663936800260176,0.0,1.0,0.0,-0.9663936800260176,0.0,-0.25706663573044874,0.16551197341221469,0.0,0.45448420731164096,0
-0.2614493129473667,0.0,0.9652172070365043,0.0,1.0,0.0,-0.9652172070365043,0.0,-0.2614493129473667,0.1684008515015593,0.0,0.45368976583707116,0
-0.26585392577483274,0.0,0.9640133246745658,0.0,1.0,0.0,-0.9640133246745658,0.0,-0.26585392577483274,0.17130777081207169,0.0,0.4528903630266803,0
-0.27027999432151695,0.0,0.9627817637811596,0.0,1.0,0.0,-0.9627817637811596,0.0,-0.27027999432151695,0.17423254243044117,0.0,0.45208605083162867,0
-0.27472703622885586,0.0,0.9615222595264807,0.0,1.0,0.0,-0.9615222595264807,0.0,-0.27472703622885586,0.17717497744335714,0.0,0.4512768812030768,0
-0.2791945667111461,0.0,0.9602345515127934,0.0,1.0,0.0,-0.9602345515127934,0.0,-0.2791945667111461,0.18013488693750884,0.0,0.4504629060921851,0
-0.28368209859750365,0.0,0.9589183838759774,0.0,1.0,0.0,-0.9589183838759774,0.0,-0.28368209859750365,0.18311208199958567,0.0,0.4496441774501139,0
-0.2881891423756778,0.0,0.9575735053857596,0.0,1.0,0.0,-0.9575735053857596,0.0,-0.2881891423756778,0.18610637371627695,0.0,0.44882074722802384,0
-0.29271520623771147,0.0,0.9561996695446062,0.0,1.0,0.0,-0.9561996695446062,0.0,-0.29271520623771147,0.18911757317427205,0.0,0.4479926673770752,0
-0.2972597961274361,0.0,0.9547966346852481,0.0,1.0,0.0,-0.9547966346852481,0.0,-0.2972597961274361,0.1921454914602604,0.0,0.4471599898484284,0
-0.3018224157897878,0.0,0.9533641640668148,0.0,1.0,0.0,-0.9533641640668148,0.0,-0.3018224157897878,0.1951899396609311,0.0,0.44632276659324394,0
-0.30640256682193484,0.0,0.9519020259695479,0.0,1.0,0.0,-0.9519020259695479,0.0,-0.30640256682193484,0.19825072886297376,0.0,0.4454810495626822,0
-0.3109997487261976,0.0,0.9504099937880714,0.0,1.0,0.0,-0.9504099937880714,0.0,-0.3109997487261976,0.20132767015307756,0.0,0.4446348907079037,0
-0.3156134589647508,0.0,0.9488878461231894,0.0,1.0,0.0,-0.9488878461231894,0.0,-0.3156134589647508,0.2044205746179319,0.0,0.4437843419800687,0
-0.3202431930160884,0.0,0.9473353668721866,0.0,1.0,0.0,-0.9473353668721866,0.0,-0.3202431930160884,0.20752925334422603,0.0,0.44292945533033784,0
-0.32488844443323617,0.0,0.9457523453176059,0.0,1.0,0.0,-0.9457523453176059,0.0,-0.32488844443323617,0.21065351741864952,0.0,0.4420702827098714,0
-0.32954870490369226,0.0,0.9441385762144766,0.0,1.0,0.0,-0.9441385762144766,0.0,-0.32954870490369226,0.2137931779278914,0.0,0.44120687606982983,0
-0.3342234643110797,0.0,0.9424938598759678,0.0,1.0,0.0,-0.9424938598759678,0.0,-0.3342234643110797,0.21694804595864126,0.0,0.4403392873613737,0
-0.338912210798487,0.0,0.9408180022574408,0.0,1.0,0.0,-0.9408180022574408,0.0,-0.338912210798487,0.22011793259758838,0.0,0.4394675685356632,0
-0.3436144308334799,0.0,0.939110815038877,0.0,1.0,0.0,-0.939110815038877,0.0,-0.3436144308334799,0.22330264893142207,0.0,0.4385917715438589,0
-0.3483296092747602,0.0,0.9373721157056534,0.0,1.0,0.0,-0.9373721157056534,0.0,-0.3483296092747602,0.2265020060468317,0.0,0.4377119483371213,0
-0.3530572294404499,0.0,0.9356017276276447,0.0,1.0,0.0,-0.9356017276276447,0.0,-0.3530572294404499,0.22971581503050656,0.0,0.4368281508666107,0
-0.3577967731779778,0.0,0.9337994801366226,0.0,1.0,0.0,-0.9337994801366226,0.0,-0.3577967731779778,0.23294388696913604,0.0,0.43594043108348757,0
-0.36254772093554233,0.0,0.9319652086019328,0.0,1.0,0.0,-0.9319652086019328,0.0,-0.36254772093554233,0.2361860329494095,0.0,0.4350488409389124,0
-0.36730955183512765,0.0,0.9300987545044224,0.0,1.0,0.0,-0.9300987545044224,0.0,-0.36730955183512765,0.23944206405801627,0.0,0.4341534323840455,0
-0.3720817437470452,0.0,0.9281999655085956,0.0,1.0,0.0,-0.9281999655085956,0.0,-0.3720817437470452,0.2427117913816457,0.0,0.43325425737004747,0
-0.37686377336597476,0.0,0.9262686955329751,0.0,1.0,0.0,-0.9262686955329751,0.0,-0.37686377336597476,0.24599502600698703,0.0,0.4323513678480786,0
-0.381655116288477,0.0,0.9243048048186426,0.0,1.0,0.0,-0.9243048048186426,0.0,-0.381655116288477,0.24929157902072974,0.0,0.43144481576929933,0
-0.3864552470919482,0.0,0.9223081599959426,0.0,1.0,0.0,-0.9223081599959426,0.0,-0.3864552470919482,0.2526012615095631,0.0,0.43053465308487016,0
-0.3912636394149891,0.0,0.9202786341493197,0.0,1.0,0.0,-0.9202786341493197,0.0,-0.3912636394149891,0.25592388456017645,0.0,0.4296209317459515,0
-0.3960797660391568,0.0,0.918216106880274,0.0,1.0,0.0,-0.918216106880274,0.0,-0.3960797660391568,0.25925925925925924,0.0,0.4287037037037037,0
-0.4009030989720679,0.0,0.9161204643684107,0.0,1.0,0.0,-0.9161204643684107,0.0,-0.4009030989720679,0.26260719669350063,0.0,0.4277830209092873,0
-0.40573310953182395,0.0,0.9139915994305621,0.0,1.0,0.0,-0.9139915994305621,0.0,-0.40573310953182395,0.2659675079495902,0.0,0.42685893531386265,0
-0.4105692684327227,0.0,0.9118294115779656,0.0,1.0,0.0,-0.9118294115779656,0.0,-0.4105692684327227,0.269340004114217,0.0,0.42593149886859033,0
-0.4154110458722261,0.0,0.9096338070714738,0.0,1.0,0.0,-0.9096338070714738,0.0,-0.4154110458722261,0.27272449627407064,0.0,0.42500076352463056,0
-0.4202579116191472,0.0,0.907404698974781,0.0,1.0,0.0,-0.907404698974781,0.0,-0.4202579116191472,0.27612079551584034,0.0,0.4240667812331439,0
-0.4251093351030245,0.0,0.9051420072056453,0.0,1.0,0.0,-0.9051420072056453,0.0,-0.4251093351030245,0.27952871292621534,0.0,0.42312960394529076,0
-0.42996478550464695,0.0,0.9028456585850889,0.0,1.0,0.0,-0.9028456585850889,0.0,-0.42996478550464695,0.2829480595918852,0.0,0.42218928361223157,0
-0.43482373184769235,0.0,0.9005155868845615,0.0,1.0,0.0,-0.9005155868845615,0.0,-0.43482373184769235,0.28637864659953916,0.0,0.42124587218512677,0
-0.43968564309144526,0.0,0.8981517328710457,0.0,1.0,0.0,-0.8981517328710457,0.0,-0.43968564309144526,0.2898202850358665,0.0,0.4202994216151367,0
-0.4445499882245557,0.0,0.8957540443500924,0.0,1.0,0.0,-0.8957540443500924,0.0,-0.4445499882245557,0.2932727859875567,0.0,0.4193499838534219,0
-0.44941623635979916,0.0,0.8933224762067689,0.0,1.0,0.0,-0.8933224762067689,0.0,-0.44941623635979916,0.29673596054129897,0.0,0.4183976108511428,0
-0.45428385682980266,0.0,0.8908569904445042,0.0,1.0,0.0,-0.8908569904445042,0.0,-0.45428385682980266,0.3002096197837827,0.0,0.41744235455945977,0
-0.45915231928369526,0.0,0.8883575562218197,0.0,1.0,0.0,-0.8883575562218197,0.0,-0.45915231928369526,0.30369357480169723,0.0,0.4164842669295333,0
-0.46402109378464407,0.0,0.8858241498869301,0.0,1.0,0.0,-0.8858241498869301,0.0,-0.46402109378464407,0.307187636681732,0.0,0.41552339991252374,0
-0.46888965090823603,0.0,0.8832567550102023,0.0,1.0,0.0,-0.8832567550102023,0.0,-0.46888965090823603,0.3106916165105763,0.0,0.41455980545959153,0
-0.4737574618416636,0.0,0.8806553624144604,0.0,1.0,0.0,-0.8806553624144604,0.0,-0.4737574618416636,0.3142053253749193,0.0,0.4135935355218972,0
-0.47862399848367587,0.0,0.8780199702031259,0.0,1.0,0.0,-0.8780199702031259,0.0,-0.47862399848367587,0.3177285743614506,0.0,0.41262464205060106,0
-0.4834887335452486,0.0,0.8753505837861831,0.0,1.0,0.0,-0.8753505837861831,0.0,-0.4834887335452486,0.3212611745568593,0.0,0.41165317699686366,0
-0.4883511406509369,0.0,0.8726472159039579,0.0,1.0,0.0,-0.8726472159039579,0.0,-0.4883511406509369,0.32480293704783497,0.0,0.4106791923118454,0
-0.4932106944408624,0.0,0.8699098866487047,0.0,1.0,0.0,-0.8699098866487047,0.0,-0.4932106944408624,0.3283536729210669,0.0,0.4097027399467066,0
-0.4980668706732963,0.0,0.8671386234839905,0.0,1.0,0.0,-0.8671386234839905,0.0,-0.4980668706732963,0.33191319326324425,0.0,0.40872387185260783,0
-0.502919146327793,0.0,0.8643334612618697,0.0,1.0,0.0,-0.8643334612618697,0.0,-0.502919146327793,0.3354813091610565,0.0,0.4077426399807095,0
-0.5077669997088295,0.0,0.8614944422378438,0.0,1.0,0.0,-0.8614944422378438,0.0,-0.5077669997088295,0.33905783170119314,0.0,0.4067590962821719,0
-0.5126099105499088,0.0,0.8586216160836009,0.0,1.0,0.0,-0.8586216160836009,0.0,-0.5126099105499088,0.34264257197034326,0.0,0.40577329270815565,0
-0.5174473601180818,0.0,0.8557150398975282,0.0,1.0,0.0,-0.8557150398975282,0.0,-0.5174473601180818,0.3462353410551963,0.0,0.404785281209821,0
-0.5222788313188418,0.0,0.8527747782129962,0.0,1.0,0.0,-0.8527747782129962,0.0,-0.5222788313188418,0.34983595004244167,0.0,0.40379511373832855,0
-0.5271038088013498,0.0,0.8498009030044097,0.0,1.0,0.0,-0.8498009030044097,0.0,-0.5271038088013498,0.3534442100187687,0.0,0.40280284224483864,0
-0.5319217790639402,0.0,0.8467934936910255,0.0,1.0,0.0,-0.8467934936910255,0.0,-0.5319217790639402,0.3570599320708665,0.0,0.4018085186805117,0
-0.5367322305598686,0.0,0.8437526371385324,0.0,1.0,0.0,-0.8437526371385324,0.0,-0.5367322305598686,0.3606829272854247,0.0,0.4008121949965082,0
-0.5415346538032478,0.0,0.8406784276583982,0.0,1.0,0.0,-0.8406784276583982,0.0,-0.5415346538032478,0.36431300674913264,0.0,0.3998139231439885,0
-0.5463285414751325,0.0,0.8375709670049782,0.0,1.0,0.0,-0.8375709670049782,0.0,-0.5463285414751325,0.3679499815486795,0.0,0.3988137550741131,0
-0.5511133885297047,0.0,0.834430364370393,0.0,1.0,0.0,-0.834430364370393,0.0,-0.5511133885297047,0.3715936627707547,0.0,0.3978117427380425,0
-0.5558886923005112,0.0,0.8312567363771722,0.0,1.0,0.0,-0.8312567363771722,0.0,-0.5558886923005112,0.3752438615020476,0.0,0.39680793808693693,0
-0.5606539526067111,0.0,0.8280502070686727,0.0,1.0,0.0,-0.8280502070686727,0.0,-0.5606539526067111,0.37890038882924737,0.0,0.39580239307195697,0
-0.5654086718592841,0.0,0.824810907897271,0.0,1.0,0.0,-0.824810907897271,0.0,-0.5654086718592841,0.38256305583904354,0.0,0.394795159644263,0
-0.5701523551671536,0.0,0.8215389777103385,0.0,1.0,0.0,-0.8215389777103385,0.0,-0.5701523551671536,0.38623167361812555,0.0,0.3937862897550155,0
-0.5748845104431773,0.0,0.818234562734005,0.0,1.0,0.0,-0.818234562734005,0.0,-0.5748845104431773,0.3899060532531824,0.0,0.39277583535537486,0
-0.5796046485099633,0.0,0.8148978165547149,0.0,1.0,0.0,-0.8148978165547149,0.0,-0.5796046485099633,0.39358600583090375,0.0,0.39176384839650147,0
-0.5843122832054573,0.0,0.8115289000985889,0.0,1.0,0.0,-0.8115289000985889,0.0,-0.5843122832054573,0.3972713424379789,0.0,0.3907503808295558,0
-0.5890069314882617,0.0,0.8081279816085953,0.0,1.0,0.0,-0.8081279816085953,0.0,-0.5890069314882617,0.40096187416109696,0.0,0.38973548460569835,0
-0.5936881135426374,0.0,0.8046952366195443,0.0,1.0,0.0,-0.8046952366195443,0.0,-0.5936881135426374,0.4046574120869475,0.0,0.38871921167608947,0
-0.5983553528831406,0.0,0.8012308479309146,0.0,1.0,0.0,-0.8012308479309146,0.0,-0.5983553528831406,0.40835776730221984,0.0,0.3877016139918895,0
-0.6030081764588496,0.0,0.7977350055775244,0.0,1.0,0.0,-0.7977350055775244,0.0,-0.6030081764588496,0.4120627508936032,0.0,0.38668274350425913,0
-0.6076461147571379,0.0,0.7942079067980595,0.0,1.0,0.0,-0.7942079067980595,0.0,-0.6076461147571379,0.4157721739477871,0.0,0.3856626521643586,0
-0.6122687019069415,0.0,0.790649756001473,0.0,1.0,0.0,-0.790649756001473,0.0,-0.6122687019069415,0.4194858475514607,0.0,0.38464139192334834,0
-0.6168754757814828,0.0,0.7870607647312685,0.0,1.0,0.0,-0.7870607647312685,0.0,-0.6168754757814828,0.4232035827913134,0.0,0.3836190147323888,0
-0.6214659781003976,0.0,0.7834411516276868,0.0,1.0,0.0,-0.7834411516276868,0.0,-0.6214659781003976,0.4269251907540347,0.0,0.3825955725426405,0
-0.6260397545312252,0.0,0.7797911423878084,0.0,1.0,0.0,-0.7797911423878084,0.0,-0.6260397545312252,0.4306504825263137,0.0,0.3815711173052637,0
-0.6305963547902145,0.0,0.7761109697235917,0.0,1.0,0.0,-0.7761109697235917,0.0,-0.6305963547902145,0.43437926919483993,0.0,0.38054570097141904,0
-0.6351353327424015,0.0,0.772400873317864,0.0,1.0,0.0,-0.772400873317864,0.0,-0.6351353327424015,0.43811136184630267,0.0,0.3795193754922668,0
-0.6396562465009131,0.0,0.7686610997782852,0.0,1.0,0.0,-0.7686610997782852,0.0,-0.6396562465009131,0.44184657156739116,0.0,0.37849219281896745,0
-0.644158658525455,0.0,0.7648919025893047,0.0,1.0,0.0,-0.7648919025893047,0.0,-0.644158658525455,0.4455847094447949,0.0,0.3774642049026814,0
-0.6486421357199358,0.0,0.7610935420621308,0.0,1.0,0.0,-0.7610935420621308,0.0,-0.6486421357199358,0.44932558656520316,0.0,0.37643546369456915,0
-0.6531062495291897,0.0,0.7572662852827371,0.0,1.0,0.0,-0.7572662852827371,0.0,-0.6531062495291897,0.4530690140153053,0.0,0.375406021145791,0
-0.6575505760347486,0.0,0.7534104060579269,0.0,1.0,0.0,-0.7534104060579269,0.0,-0.6575505760347486,0.45681480288179066,0.0,0.37437592920750756,0
-0.6619746960496251,0.0,0.7495261848594794,0.0,1.0,0.0,-0.7495261848594794,0.0,-0.6619746960496251,0.46056276425134857,0.0,0.37334523983087914,0
-0.6663781952120615,0.0,0.7456139087664041,0.0,1.0,0.0,-0.7456139087664041,0.0,-0.6663781952120615,0.4643127092106684,0.0,0.3723140049670661,0
-0.670760664078206,0.0,0.741673871405326,0.0,1.0,0.0,-0.741673871405326,0.0,-0.670760664078206,0.46806444884643944,0.0,0.3712822765672292,0
-0.6751216982136707,0.0,0.7377063728890305,0.0,1.0,0.0,-0.7377063728890305,0.0,-0.6751216982136707,0.4718177942453511,0.0,0.37025010658252844,0
-0.6794608982839339,0.0,0.7337117197531942,0.0,1.0,0.0,-0.7337117197531942,0.0,-0.6794608982839339,0.4755725564940926,0.0,0.36921754696412457,0
-0.6837778701435449,0.0,0.7296902248913284,0.0,1.0,0.0,-0.7296902248913284,0.0,-0.6837778701435449,0.47932854667935343,0.0,0.3681846496631778,0
-0.688072224924092,0.0,0.7256422074879669,0.0,1.0,0.0,-0.7256422074879669,0.0,-0.688072224924092,0.48308557588782286,0.0,0.36715146663084874,0
-0.6923435791208935,0.0,0.7215679929501246,0.0,1.0,0.0,-0.7215679929501246,0.0,-0.6923435791208935,0.4868434552061903,0.0,0.36611804981829765,0
-0.6965915546783737,0.0,0.7174679128370594,0.0,1.0,0.0,-0.7174679128370594,0.0,-0.6965915546783737,0.49060199572114505,0.0,0.3650844511766851,0
-0.700815779074087,0.0,0.7133423047883677,0.0,1.0,0.0,-0.7133423047883677,0.0,-0.700815779074087,0.49436100851937625,0.0,0.36405072265717153,0
-0.7050158854013497,0.0,0.7091915124504459,0.0,1.0,0.0,-0.7091915124504459,0.0,-0.7050158854013497,0.4981203046875736,0.0,0.36301691621091725,0
-0.7091915124504458,0.0,0.7050158854013499,0.0,1.0,0.0,-0.7050158854013499,0.0,-0.7091915124504458,0.5018796953124263,0.0,0.3619830837890828,0
-0.7133423047883676,0.0,0.7008157790740871,0.0,1.0,0.0,-0.7008157790740871,0.0,-0.7133423047883676,0.5056389914806236,0.0,0.3609492773428285,0
-0.7174679128370594,0.0,0.6965915546783739,0.0,1.0,0.0,-0.6965915546783739,0.0,-0.7174679128370594,0.509398004278855,0.0,0.3599155488233149,0
-0.7215679929501247,0.0,0.6923435791208934,0.0,1.0,0.0,-0.6923435791208934,0.0,-0.7215679929501247,0.5131565447938098,0.0,0.3588819501817023,0
-0.725642207487967,0.0,0.6880722249240919,0.0,1.0,0.0,-0.6880722249240919,0.0,-0.725642207487967,0.5169144241121773,0.0,0.35784853336915123,0
-0.7296902248913283,0.0,0.6837778701435451,0.0,1.0,0.0,-0.6837778701435451,0.0,-0.7296902248913283,0.5206714533206465,0.0,0.3568153503368222,0
-0.733711719753194,0.0,0.679460898283934,0.0,1.0,0.0,-0.679460898283934,0.0,-0.733711719753194,0.5244274435059073,0.0,0.3557824530358755,0
-0.7377063728890305,0.0,0.6751216982136707,0.0,1.0,0.0,-0.6751216982136707,0.0,-0.7377063728890305,0.5281822057546489,0.0,0.35474989341747154,0
-0.7416738714053258,0.0,0.6707606640782062,0.0,1.0,0.0,-0.6707606640782062,0.0,-0.7416738714053258,0.5319355511535605,0.0,0.35371772343277086,0
-0.7456139087664039,0.0,0.6663781952120619,0.0,1.0,0.0,-0.6663781952120619,0.0,-0.7456139087664039,0.5356872907893314,0.0,0.35268599503293385,0
-0.7495261848594792,0.0,0.6619746960496253,0.0,1.0,0.0,-0.6619746960496253,0.0,-0.7495261848594792,0.5394372357486512,0.0,0.3516547601691209,0
-0.7534104060579268,0.0,0.6575505760347488,0.0,1.0,0.0,-0.6575505760347488,0.0,-0.7534104060579268,0.5431851971182093,0.0,0.3506240707924924,0
-0.7572662852827369,0.0,0.65310624952919,0.0,1.0,0.0,-0.65310624952919,0.0,-0.7572662852827369,0.5469309859846945,0.0,0.349593978854209,0
-0.7610935420621305,0.0,0.648642135719936,0.0,1.0,0.0,-0.648642135719936,0.0,-0.7610935420621305,0.5506744134347967,0.0,0.3485645363054309,0
-0.7648919025893046,0.0,0.644158658525455,0.0,1.0,0.0,-0.644158658525455,0.0,-0.7648919025893046,0.5544152905552051,0.0,0.3475357950973186,0
-0.768661099778285,0.0,0.6396562465009135,0.0,1.0,0.0,-0.6396562465009135,0.0,-0.768661099778285,0.5581534284326086,0.0,0.34650780718103263,0
-0.7724008733178639,0.0,0.6351353327424016,0.0,1.0,0.0,-0.6351353327424016,0.0,-0.7724008733178639,0.5618886381536973,0.0,0.34548062450773326,0
-0.7761109697235915,0.0,0.6305963547902147,0.0,1.0,0.0,-0.6305963547902147,0.0,-0.7761109697235915,0.56562073080516,0.0,0.34445429902858105,0
-0.7797911423878083,0.0,0.6260397545312253,0.0,1.0,0.0,-0.6260397545312253,0.0,-0.7797911423878083,0.5693495174736862,0.0,0.34342888269473626,0
-0.7834411516276866,0.0,0.6214659781003978,0.0,1.0,0.0,-0.6214659781003978,0.0,-0.7834411516276866,0.5730748092459652,0.0,0.34240442745735955,0
-0.7870607647312682,0.0,0.6168754757814832,0.0,1.0,0.0,-0.6168754757814832,0.0,-0.7870607647312682,0.5767964172086864,0.0,0.3413809852676113,0
-0.7906497560014727,0.0,0.6122687019069418,0.0,1.0,0.0,-0.6122687019069418,0.0,-0.7906497560014727,0.5805141524485391,0.0,0.34035860807665175,0
-0.7942079067980593,0.0,0.6076461147571383,0.0,1.0,0.0,-0.6076461147571383,0.0,-0.7942079067980593,0.5842278260522127,0.0,0.3393373478356415,0
-0.7977350055775244,0.0,0.6030081764588496,0.0,1.0,0.0,-0.6030081764588496,0.0,-0.7977350055775244,0.5879372491063969,0.0,0.33831725649574085,0
-0.8012308479309145,0.0,0.5983553528831406,0.0,1.0,0.0,-0.5983553528831406,0.0,-0.8012308479309145,0.5916422326977802,0.0,0.33729838600811046,0
-0.8046952366195441,0.0,0.5936881135426377,0.0,1.0,0.0,-0.5936881135426377,0.0,-0.8046952366195441,0.5953425879130523,0.0,0.3362807883239106,0
-0.8081279816085951,0.0,0.589006931488262,0.0,1.0,0.0,-0.589006931488262,0.0,-0.8081279816085951,0.5990381258389028,0.0,0.33526451539430174,0
-0.811528900098589,0.0,0.5843122832054571,0.0,1.0,0.0,-0.5843122832054571,0.0,-0.811528900098589,0.6027286575620212,0.0,0.33424961917044416,0
-0.8148978165547149,0.0,0.5796046485099634,0.0,1.0,0.0,-0.5796046485099634,0.0,-0.8148978165547149,0.6064139941690962,0.0,0.3332361516034985,0
-0.8182345627340046,0.0,0.5748845104431778,0.0,1.0,0.0,-0.5748845104431778,0.0,-0.8182345627340046,0.6100939467468174,0.0,0.33222416464462523,0
-0.8215389777103385,0.0,0.5701523551671536,0.0,1.0,0.0,-0.5701523551671536,0.0,-0.8215389777103385,0.6137683263818745,0.0,0.3312137102449845,0
-0.8248109078972707,0.0,0.5654086718592843,0.0,1.0,0.0,-0.5654086718592843,0.0,-0.8248109078972707,0.6174369441609563,0.0,0.33020484035573705,0
-0.8280502070686728,0.0,0.5606539526067109,0.0,1.0,0.0,-0.5606539526067109,0.0,-0.8280502070686728,0.6210996111707527,0.0,0.329197606928043,0
-0.8312567363771721,0.0,0.5558886923005113,0.0,1.0,0.0,-0.5558886923005113,0.0,-0.8312567363771721,0.6247561384979523,0.0,0.32819206191306316,0
-0.8344303643703929,0.0,0.5511133885297048,0.0,1.0,0.0,-0.5511133885297048,0.0,-0.8344303643703929,0.6284063372292452,0.0,0.32718825726195755,0
-0.8375709670049782,0.0,0.5463285414751327,0.0,1.0,0.0,-0.5463285414751327,0.0,-0.8375709670049782,0.6320500184513205,0.0,0.3261862449258869,0
-0.8406784276583982,0.0,0.5415346538032477,0.0,1.0,0.0,-0.5415346538032477,0.0,-0.8406784276583982,0.6356869932508675,0.0,0.3251860768560114,0
-0.8437526371385321,0.0,0.5367322305598692,0.0,1.0,0.0,-0.5367322305598692,0.0,-0.8437526371385321,0.6393170727145749,0.0,0.32418780500349187,0
-0.8467934936910252,0.0,0.5319217790639406,0.0,1.0,0.0,-0.5319217790639406,0.0,-0.8467934936910252,0.6429400679291333,0.0,0.3231914813194884,0
-0.8498009030044097,0.0,0.5271038088013498,0.0,1.0,0.0,-0.5271038088013498,0.0,-0.8498009030044097,0.6465557899812313,0.0,0.3221971577551614,0
-0.852774778212996,0.0,0.522278831318842,0.0,1.0,0.0,-0.522278831318842,0.0,-0.852774778212996,0.6501640499575582,0.0,0.32120488626167154,0
-0.8557150398975281,0.0,0.5174473601180819,0.0,1.0,0.0,-0.5174473601180819,0.0,-0.8557150398975281,0.6537646589448035,0.0,0.32021471879017904,0
-0.8586216160836009,0.0,0.5126099105499089,0.0,1.0,0.0,-0.5126099105499089,0.0,-0.8586216160836009,0.6573574280296567,0.0,0.31922670729184444,0
-0.8614944422378437,0.0,0.5077669997088297,0.0,1.0,0.0,-0.5077669997088297,0.0,-0.8614944422378437,0.6609421682988068,0.0,0.3182409037178281,0
-0.8643334612618695,0.0,0.5029191463277933,0.0,1.0,0.0,-0.5029191463277933,0.0,-0.8643334612618695,0.6645186908389433,0.0,0.3172573600192906,0
-0.8671386234839904,0.0,0.4980668706732966,0.0,1.0,0.0,-0.4980668706732966,0.0,-0.8671386234839904,0.6680868067367556,0.0,0.31627612814739225,0
-0.8699098866487047,0.0,0.4932106944408623,0.0,1.0,0.0,-0.4932106944408623,0.0,-0.8699098866487047,0.6716463270789332,0.0,0.3152972600532934,0
-0.8726472159039579,0.0,0.4883511406509369,0.0,1.0,0.0,-0.4883511406509369,0.0,-0.8726472159039579,0.6751970629521651,0.0,0.3143208076881546,0
-0.8753505837861829,0.0,0.4834887335452489,0.0,1.0,0.0,-0.4834887335452489,0.0,-0.8753505837861829,0.6787388254431406,0.0,0.3133468230031363,0
-0.8780199702031258,0.0,0.4786239984836761,0.0,1.0,0.0,-0.4786239984836761,0.0,-0.8780199702031258,0.6822714256385494,0.0,0.31237535794939897,0
-0.8806553624144604,0.0,0.4737574618416638,0.0,1.0,0.0,-0.4737574618416638,0.0,-0.8806553624144604,0.6857946746250806,0.0,0.31140646447810283,0
-0.8832567550102023,0.0,0.468889650908236,0.0,1.0,0.0,-0.468889650908236,0.0,-0.8832567550102023,0.6893083834894238,0.0,0.3104401945404085,0
-0.88582414988693,0.0,0.4640210937846444,0.0,1.0,0.0,-0.4640210937846444,0.0,-0.88582414988693,0.6928123633182679,0.0,0.30947660008747635,0
-0.8883575562218194,0.0,0.4591523192836958,0.0,1.0,0.0,-0.4591523192836958,0.0,-0.8883575562218194,0.6963064251983024,0.0,0.30851573307046687,0
-0.8908569904445041,0.0,0.4542838568298029,0.0,1.0,0.0,-0.4542838568298029,0.0,-0.8908569904445041,0.6997903802162172,0.0,0.30755764544054026,0
-0.8933224762067689,0.0,0.4494162363597991,0.0,1.0,0.0,-0.4494162363597991,0.0,-0.8933224762067689,0.7032640394587012,0.0,0.3066023891488572,0
-0.8957540443500925,0.0,0.4445499882245556,0.0,1.0,0.0,-0.4445499882245556,0.0,-0.8957540443500925,0.7067272140124434,0.0,0.30565001614657805,0
-0.8981517328710454,0.0,0.43968564309144575,0.0,1.0,0.0,-0.43968564309144575,0.0,-0.8981517328710454,0.7101797149641332,0.0,0.30470057838486336,0
-0.9005155868845615,0.0,0.4348237318476924,0.0,1.0,0.0,-0.4348237318476924,0.0,-0.9005155868845615,0.7136213534004608,0.0,0.30375412781487326,0
-0.9028456585850889,0.0,0.429964785504647,0.0,1.0,0.0,-0.429964785504647,0.0,-0.9028456585850889,0.7170519404081148,0.0,0.30281071638776846,0
-0.9051420072056451,0.0,0.42510933510302484,0.0,1.0,0.0,-0.42510933510302484,0.0,-0.9051420072056451,0.7204712870737845,0.0,0.3018703960547093,0
-0.907404698974781,0.0,0.4202579116191473,0.0,1.0,0.0,-0.4202579116191473,0.0,-0.907404698974781,0.7238792044841597,0.0,0.3009332187668561,0
-0.9096338070714737,0.0,0.4154110458722263,0.0,1.0,0.0,-0.4154110458722263,0.0,-0.9096338070714737,0.7272755037259293,0.0,0.2999992364753694,0
-0.9118294115779655,0.0,0.4105692684327229,0.0,1.0,0.0,-0.4105692684327229,0.0,-0.9118294115779655,0.7306599958857829,0.0,0.2990685011314097,0
-0.913991599430562,0.0,0.4057331095318242,0.0,1.0,0.0,-0.4057331095318242,0.0,-0.913991599430562,0.7340324920504097,0.0,0.2981410646861373,0
-0.9161204643684105,0.0,0.4009030989720681,0.0,1.0,0.0,-0.4009030989720681,0.0,-0.9161204643684105,0.7373928033064993,0.0,0.2972169790907127,0
-0.9182161068802741,0.0,0.39607976603915673,0.0,1.0,0.0,-0.39607976603915673,0.0,-0.9182161068802741,0.7407407407407408,0.0,0.2962962962962963,0
-0.9202786341493197,0.0,0.3912636394149892,0.0,1.0,0.0,-0.3912636394149892,0.0,-0.9202786341493197,0.7440761154398235,0.0,0.2953790682540485,0
-0.9223081599959425,0.0,0.38645524709194845,0.0,1.0,0.0,-0.38645524709194845,0.0,-0.9223081599959425,0.7473987384904367,0.0,0.29446534691512993,0
-0.9243048048186426,0.0,0.3816551162884769,0.0,1.0,0.0,-0.3816551162884769,0.0,-0.9243048048186426,0.7507084209792703,0.0,0.2935551842307007,0
-0.926268695532975,0.0,0.376863773365975,0.0,1.0,0.0,-0.376863773365975,0.0,-0.926268695532975,0.7540049739930129,0.0,0.29264863215192144,0
-0.9281999655085955,0.0,0.3720817437470455,0.0,1.0,0.0,-0.3720817437470455,0.0,-0.9281999655085955,0.7572882086183542,0.0,0.29174574262995256,0
-0.9300987545044221,0.0,0.3673095518351279,0.0,1.0,0.0,-0.3673095518351279,0.0,-0.9300987545044221,0.7605579359419836,0.0,0.2908465676159545,0
-0.9319652086019328,0.0,0.36254772093554244,0.0,1.0,0.0,-0.36254772093554244,0.0,-0.9319652086019328,0.7638139670505905,0.0,0.2899511590610876,0
